[Saawan Mein Lagg Gayee Aag.jpg]
filters=enhance=1;tilt=1,0.422869,0.000000;enhance=1;fill=1,0.373832;Lomo=1,50.000000,60.233921;
moddate=70ad13df9998d601
width=1132
height=1668
textactive=0
